90
1130
1140
1150
1160
1170
1180
1190
1200
1210
1220
40110
40120
40180
40210
40270
40330
40390
40460
40520
40530
40560
40590
40640
40700
40750
40830
40880
40970
41020
41120
41150
41210
41260
41310
41380
41420
41450
41510
41570
41630
41690
41700
41770
41820
41870
41980
42030
42120
42220
42260
42310
42380
42470
42510
42620
42660
42770
42870
42910
43010
43020
43090
43170
43280
43330
43400
43560
43660
43760
43810
43900
44000
44050
44100
44170
44180
44250
44300
44410
44440
44510
44570
44620
44670
44730
44790
44850
40130
40140
40150
40160
40170
40190
40200
40220
40230
40240
40250
40260
40280
40290
40300
40310
40320
40340
40350
40360
40370
40380
40400
40410
40420
40430
40440
40450
40470
40480
40490
40500
40510
40540
40550
40570
40580
40600
40610
40620
40630
40650
40660
40670
40680
40690
40710
40720
40730
40740
40760
40770
40780
40790
40800
40810
40820
40840
40850
40860
40870
40890
40900
40910
40920
40930
40940
40950
40960
40980
40990
41000
41010
41030
41040
41050
41060
41070
41080
41090
41100
41110
41130
41140
41160
41170
41180
41190
41200
41220
41230
41240
41250
41270
41280
41290
41300
41320
41330
41340
41350
41360
41370
41390
41400
41410
41430
41440
41460
41470
41480
41490
41500
41520
41530
41540
41550
41560
41580
41590
41600
41610
41620
41640
41650
41660
41670
41680
41710
41720
41730
41740
41750
41760
41780
41790
41800
41810
41830
41840
41850
41860
41880
41890
41900
41910
41920
41930
41940
41950
41960
41970
41990
42000
42010
42020
42040
42050
42060
42070
42080
42090
42100
42110
42130
42140
42150
42160
42170
42180
42190
42200
42210
42230
42240
42250
42270
42280
42290
42300
42320
42330
42340
42350
42360
42370
42390
42400
42410
42420
42430
42440
42450
42460
42480
42490
42500
42520
42530
42540
42550
42560
42570
42580
42590
42600
42610
42630
42640
42650
42670
42680
42690
42700
42710
42720
42730
42740
42750
42760
42780
42790
42800
42810
42820
42830
42840
42850
42860
42880
42890
42900
42920
42930
42940
42950
42960
42970
42980
42990
43000
43030
43040
43050
43060
43070
43080
43100
43110
43120
43130
43140
43150
43160
43180
43190
43200
43210
43220
43230
43240
43250
43260
43270
43290
43300
43310
43320
43340
43350
43360
43370
43380
43390
43410
43440
43470
43500
43530
43570
43580
43590
43600
43610
43620
43630
43640
43650
43670
43680
43690
43700
43710
43720
43730
43740
43750
43770
43780
43790
43800
43820
43830
43840
43850
43860
43870
43880
43890
43910
43920
43930
43940
43950
43960
43970
43980
43990
44010
44020
44030
44040
44060
44070
44080
44090
44110
44120
44130
44140
44150
44160
44190
44200
44210
44220
44230
44240
44260
44270
44280
44290
44310
44320
44330
44340
44350
44360
44370
44380
44390
44400
44420
44430
44450
44460
44470
44480
44490
44500
44520
44530
44540
44550
44560
44580
44590
44600
44610
44630
44640
44650
44660
44680
44690
44700
44710
44720
44740
44750
44760
44770
44780
44800
44810
44820
44830
44840
43420
43430
43450
43460
43480
43490
43510
43520
43540
43550
